-1401579888
 -1401579884
 -1401579744
 -1401579464
 -1272548823
 -1272548615
 -1272545276
 -1272545276
 -1272545276
 -1272545242
 -1272545224
 -1272537736
 -1264834464
 -1264834464
 -1264834464
 -1264833984
 -393106835
 -393106835
 0
 0
 0
 0
 0
 0
 0
 0
 0
 0
 2
 5
 8
 12
 15
 19
 21
 23
 24
 25
 26
 26
 26
 27
 27
 29
 29
 30
 35
 35
 36
 37
 39
 42
 45
 50
 51
 56
 57
 58
 59
 60
 64
 67
 67
 68
 68
 70
 70
 73
 73
 78
 80
 81
 84
 86
 86
 92
 95
 99
 21912
 21912
 21912
 21912
 21912
 21912
 21912
 21912
 21912
 21912
 21912
 21912
 32567
 32567
 32765
 32765
 32765
 32765
 244117248
 244117248
 596899630
 599265344
 